0 150.00 150.00 0.00 3 -1
1 150.00 150.00 0.10 3 0
2 150.00 150.00 0.20 3 0
3 150.00 150.00 0.30 3 0
4 150.00 150.00 0.40 3 0
5 150.00 150.00 0.50 3 0
6 150.00 150.00 0.60 3 0
7 150.00 150.00 0.70 3 0
8 150.00 150.00 0.80 3 0
9 150.00 150.00 0.90 3 0
10 150.00 150.00 1.00 3 0
11 150.00 150.00 1.10 3 0
12 150.00 150.00 1.20 3 0
13 150.00 150.00 1.30 3 0
14 150.00 150.00 1.40 3 0
15 150.00 150.00 1.50 3 0
16 150.00 150.00 1.60 3 0
17 150.00 150.00 1.70 3 0
18 150.00 150.00 1.80 3 0
19 150.00 150.00 1.90 3 0
20 150.00 150.00 2.00 3 0
21 150.00 150.00 2.10 3 0
22 150.00 150.00 2.20 3 0
23 150.00 150.00 2.30 3 0
24 150.00 150.00 2.40 3 0
25 150.00 150.00 2.59 1 0
26 149.98 150.01 2.59 1 0
27 149.91 150.05 2.59 1 0
28 149.81 150.12 2.59 1 0
29 149.66 150.21 2.59 1 0
30 149.47 150.33 2.59 1 0
31 149.23 150.47 2.59 1 0
32 148.96 150.64 2.60 1 0
33 148.63 150.83 2.60 1 0
34 148.27 151.05 2.60 1 0
35 147.86 151.30 2.60 1 0
36 147.42 151.57 2.60 1 0
37 146.92 151.87 2.60 1 0
38 146.39 152.19 2.60 1 0
39 145.81 152.54 2.60 1 0
40 145.19 152.91 2.60 1 0
41 144.52 153.31 2.60 1 0
42 143.81 153.73 2.60 1 0
43 143.06 154.18 2.60 1 0
44 142.27 154.65 2.60 1 0
45 141.43 155.15 2.60 4 0
46 140.57 155.67 2.60 4 0
47 139.71 156.18 2.60 4 0
48 138.85 156.69 2.60 4 0
49 137.99 157.20 2.60 4 0
50 137.14 157.71 2.60 4 0
51 136.28 158.23 2.60 2 -1
52 135.44 158.73 2.60 2 -1
53 134.65 159.20 2.60 2 -1
54 133.89 159.65 2.60 2 -1
55 133.18 160.07 2.60 2 -1
56 132.52 160.47 2.60 2 -1
57 131.90 160.84 2.60 2 -1
58 131.32 161.18 2.60 2 -1
59 130.78 161.50 2.60 2 -1
60 130.29 161.80 2.60 2 -1
61 129.84 162.07 2.60 2 -1
62 129.43 162.31 2.60 2 -1
63 129.06 162.53 2.60 2 -1
64 128.74 162.72 2.60 2 -1
65 128.46 162.89 2.60 2 -1
66 128.22 163.03 2.60 2 -1
67 128.03 163.14 2.60 2 -1
68 127.88 163.23 2.60 2 -1
69 127.77 163.30 2.60 2 -1
70 127.71 163.34 2.60 2 -1
71 127.69 163.35 2.60 3 1
72 127.69 163.35 2.50 3 1
73 127.69 163.35 2.40 3 1
74 127.69 163.35 2.30 3 1
75 127.69 163.35 2.20 3 1
76 127.69 163.35 2.10 3 1
77 127.69 163.35 2.00 3 1
78 127.69 163.35 1.90 3 1
79 127.69 163.35 1.80 3 1
80 127.69 163.35 1.70 3 1
81 127.69 163.35 1.54 1 1
82 127.69 163.37 1.53 1 1
83 127.69 163.45 1.53 1 1
84 127.70 163.57 1.52 1 1
85 127.71 163.75 1.52 1 1
86 127.72 163.97 1.52 1 1
87 127.73 164.25 1.51 1 1
88 127.75 164.57 1.51 1 1
89 127.77 164.95 1.51 1 1
90 127.80 165.37 1.51 1 1
91 127.83 165.84 1.50 1 1
92 127.86 166.37 1.50 1 1
93 127.90 166.94 1.50 1 1
94 127.95 167.56 1.50 1 1
95 128.00 168.24 1.50 2 -1
96 128.05 168.91 1.50 2 -1
97 128.10 169.53 1.50 2 -1
98 128.14 170.11 1.50 2 -1
99 128.18 170.63 1.50 2 -1
100 128.21 171.11 1.50 2 -1
101 128.24 171.53 1.50 2 -1
102 128.27 171.90 1.50 2 -1
103 128.29 172.23 1.50 2 -1
104 128.31 172.50 1.50 2 -1
105 128.33 172.73 1.50 2 -1
106 128.34 172.90 1.50 2 -1
107 128.35 173.02 1.50 2 -1
108 128.36 173.10 1.50 2 -1
109 128.36 173.12 1.50 3 4
110 128.36 173.12 1.60 3 4
111 128.36 173.12 1.70 3 4
112 128.36 173.12 1.80 3 4
113 128.36 173.12 1.90 3 4
114 128.36 173.12 2.00 3 4
115 128.36 173.12 2.10 3 4
116 128.36 173.12 2.28 1 4
117 128.34 173.14 2.28 1 4
118 128.30 173.20 2.28 1 4
119 128.21 173.30 2.28 1 4
120 128.10 173.43 2.28 1 4
121 127.95 173.60 2.28 1 4
122 127.78 173.81 2.28 1 4
123 127.57 174.06 2.28 1 4
124 127.32 174.34 2.28 1 4
125 127.05 174.67 2.28 1 4
126 126.74 175.03 2.28 1 4
127 126.40 175.43 2.28 1 4
128 126.03 175.86 2.28 1 4
129 125.62 176.34 2.27 1 4
130 125.18 176.86 2.27 1 4
131 124.72 177.41 2.27 1 4
132 124.21 178.00 2.27 1 4
133 123.68 178.63 2.27 1 4
134 123.11 179.30 2.27 1 4
135 122.52 180.00 2.27 1 4
136 121.89 180.74 2.27 4 4
137 121.24 181.51 2.27 4 4
138 120.59 182.27 2.27 4 4
139 119.95 183.03 2.27 4 4
140 119.30 183.80 2.27 4 4
141 118.65 184.56 2.27 4 4
142 118.01 185.32 2.27 4 4
143 117.36 186.08 2.27 4 4
144 116.71 186.85 2.27 4 4
145 116.07 187.61 2.27 4 4
146 115.42 188.37 2.27 4 4
147 114.77 189.14 2.27 2 4
